main: 0.03454
dop1: 0.15416
dop2: 0.03913